
data[0] = 0.333000
data[1] = 0.250000
data[2] = 1.670000
data[3] = 4.500000
data[4] = 3.900000